(0,1)
(1,1)
(2,1)
(3,1)
(4,1)
(5,1)
(6,1)
(7,1)
(8,1)
(9,1)
0: (0, 1)
1: (1, 1)
2: (2, 1)
3: (3, 1)
4: (4, 1)
5: (5, 1)
6: (6, 1)
7: (7, 1)
8: (8, 1)
9: (9, 1)
(1,1)
(2,1)
(3,1)
(4,1)
(5,1)
(6,1)
(7,1)
(8,1)
(9,1)
---
(2,1)
(3,1)
(4,1)
(5,1)
(6,1)
(7,1)
(8,1)
(9,1)
---
(3,1)
(4,1)
(5,1)
(6,1)
(7,1)
(8,1)
(9,1)
---
(4,1)
(5,1)
(6,1)
(7,1)
(8,1)
(9,1)
---
(5,1)
(6,1)
(7,1)
(8,1)
(9,1)
---
(6,1)
(7,1)
(8,1)
(9,1)
---
(7,1)
(8,1)
(9,1)
---
(8,1)
(9,1)
---
(9,1)
---
alter
alter: new (100,0)
alter: new (150,0)
alter: new (200,0)
alter: new (250,0)
alter: new (300,0)
alter: new (350,0)
alter: new (400,0)
alter: new (450,0)
alter: new (500,0)
alter: new (550,0)
alter: new (600,0)
alter: new (650,0)
alter: new (700,0)
alter: new (750,0)
alter: new (800,0)
alter: new (850,0)
alter: new (900,0)
alter: new (950,0)
---
(800,0)
(400,0)
(850,0)
(450,0)
(900,0)
(500,0)
(100,0)
(950,0)
(550,0)
(150,0)
(600,0)
(200,0)
(650,0)
(250,0)
(700,0)
(300,0)
(750,0)
(350,0)
---
(800,1)
(400,1)
(850,1)
(450,1)
(900,1)
(500,1)
(100,1)
(950,1)
(550,1)
(150,1)
(600,1)
(200,1)
(650,1)
(250,1)
(700,1)
(300,1)
(750,1)
(350,1)
---
(400,1)
(450,1)
(100,1)
(150,1)
(200,1)
(250,1)
(300,1)
(350,1)
