  11  13  14  13  29  31  22  12  20  22  14  12  10  25  13   9
   2  23  14  26   0  10  18  16   0   2   8  25   8  19  19   9

   0   0   2   2   8   8   9   9  10  10  11  12  12  13  13  13
  14  14  14  16  18  19  19  20  22  22  23  25  25  26  29  31

 5:-|0,0,25,26|+
 4:-|0,0,25,26|+
 3:-|0,0,8,9,14,23,25,26|+
 2:-|0,0,2,8,9,9,10,12,13,14,18,23,25,26|+
 1:-|0,0,2,2,8,8,9,9,10,10,11,12,12,13,13,13,14,14,14,16,18,19,19,20,22,22,23,25,25,26,29,31|+

remove 0
 5:-|0,25,26|+
 4:-|0,25,26|+
 3:-|0,8,9,14,23,25,26|+
 2:-|0,2,8,9,9,10,12,13,14,18,23,25,26|+
 1:-|0,2,2,8,8,9,9,10,10,11,12,12,13,13,13,14,14,14,16,18,19,19,20,22,22,23,25,25,26,29,31|+

check bottom is ok
   0   2   2   8   8   9   9  10  10  11  12  12  13  13  13  14
  14  14  16  18  19  19  20  22  22  23  25  25  26  29  31

remove 0
 5:-|25,26|+
 4:-|25,26|+
 3:-|8,9,14,23,25,26|+
 2:-|2,8,9,9,10,12,13,14,18,23,25,26|+
 1:-|2,2,8,8,9,9,10,10,11,12,12,13,13,13,14,14,14,16,18,19,19,20,22,22,23,25,25,26,29,31|+

check bottom is ok
   2   2   8   8   9   9  10  10  11  12  12  13  13  13  14  14
  14  16  18  19  19  20  22  22  23  25  25  26  29  31

remove 25
 5:-|26|+
 4:-|26|+
 3:-|8,9,14,23,26|+
 2:-|2,8,9,9,10,12,13,14,18,23,26|+
 1:-|2,2,8,8,9,9,10,10,11,12,12,13,13,13,14,14,14,16,18,19,19,20,22,22,23,25,26,29,31|+

check bottom is ok
   2   2   8   8   9   9  10  10  11  12  12  13  13  13  14  14
  14  16  18  19  19  20  22  22  23  25  26  29  31

remove 26
 3:-|8,9,14,23|+
 2:-|2,8,9,9,10,12,13,14,18,23|+
 1:-|2,2,8,8,9,9,10,10,11,12,12,13,13,13,14,14,14,16,18,19,19,20,22,22,23,25,29,31|+

check bottom is ok
   2   2   8   8   9   9  10  10  11  12  12  13  13  13  14  14
  14  16  18  19  19  20  22  22  23  25  29  31

remove 14
 3:-|8,9,23|+
 2:-|2,8,9,9,10,12,13,18,23|+
 1:-|2,2,8,8,9,9,10,10,11,12,12,13,13,13,14,14,16,18,19,19,20,22,22,23,25,29,31|+

check bottom is ok
   2   2   8   8   9   9  10  10  11  12  12  13  13  13  14  14
  16  18  19  19  20  22  22  23  25  29  31

remove 8
 3:-|9,23|+
 2:-|2,9,9,10,12,13,18,23|+
 1:-|2,2,8,9,9,10,10,11,12,12,13,13,13,14,14,16,18,19,19,20,22,22,23,25,29,31|+

check bottom is ok
   2   2   8   9   9  10  10  11  12  12  13  13  13  14  14  16
  18  19  19  20  22  22  23  25  29  31

remove 2
 3:-|9,23|+
 2:-|9,9,10,12,13,18,23|+
 1:-|2,8,9,9,10,10,11,12,12,13,13,13,14,14,16,18,19,19,20,22,22,23,25,29,31|+

check bottom is ok
   2   8   9   9  10  10  11  12  12  13  13  13  14  14  16  18
  19  19  20  22  22  23  25  29  31

remove 9
 3:-|23|+
 2:-|9,10,12,13,18,23|+
 1:-|2,8,9,10,10,11,12,12,13,13,13,14,14,16,18,19,19,20,22,22,23,25,29,31|+

check bottom is ok
   2   8   9  10  10  11  12  12  13  13  13  14  14  16  18  19
  19  20  22  22  23  25  29  31

remove 9
 3:-|23|+
 2:-|10,12,13,18,23|+
 1:-|2,8,10,10,11,12,12,13,13,13,14,14,16,18,19,19,20,22,22,23,25,29,31|+

check bottom is ok
   2   8  10  10  11  12  12  13  13  13  14  14  16  18  19  19
  20  22  22  23  25  29  31

remove 13
 3:-|23|+
 2:-|10,12,18,23|+
 1:-|2,8,10,10,11,12,12,13,13,14,14,16,18,19,19,20,22,22,23,25,29,31|+

check bottom is ok
   2   8  10  10  11  12  12  13  13  14  14  16  18  19  19  20
  22  22  23  25  29  31

remove 13
 3:-|23|+
 2:-|10,12,18,23|+
 1:-|2,8,10,10,11,12,12,13,14,14,16,18,19,19,20,22,22,23,25,29,31|+

check bottom is ok
   2   8  10  10  11  12  12  13  14  14  16  18  19  19  20  22
  22  23  25  29  31

remove 23
 2:-|10,12,18|+
 1:-|2,8,10,10,11,12,12,13,14,14,16,18,19,19,20,22,22,25,29,31|+

check bottom is ok
   2   8  10  10  11  12  12  13  14  14  16  18  19  19  20  22
  22  25  29  31

remove 10
 2:-|12,18|+
 1:-|2,8,10,11,12,12,13,14,14,16,18,19,19,20,22,22,25,29,31|+

check bottom is ok
   2   8  10  11  12  12  13  14  14  16  18  19  19  20  22  22
  25  29  31

remove 12
 2:-|18|+
 1:-|2,8,10,11,12,13,14,14,16,18,19,19,20,22,22,25,29,31|+

check bottom is ok
   2   8  10  11  12  13  14  14  16  18  19  19  20  22  22  25
  29  31

remove 18
 1:-|2,8,10,11,12,13,14,14,16,19,19,20,22,22,25,29,31|+

check bottom is ok
   2   8  10  11  12  13  14  14  16  19  19  20  22  22  25  29
  31
