0 (0,87583)
0 (1,1428)
0 (2,84953)
0 (3,52917)
0 (4,97601)
0 (5,8357)
0 (6,7318)
0 (7,63143)
1 (0,60220)
1 (1,95673)
1 (2,39552)
1 (3,18043)
1 (4,30803)
1 (5,51487)
1 (6,3366)
1 (7,53961)
2 (0,5298)
2 (1,70460)
2 (2,98599)
2 (3,65977)
2 (4,2712)
2 (5,86755)
2 (6,81986)
2 (7,16876)
3 (0,39586)
3 (1,6082)
3 (2,41666)
3 (3,45356)
3 (4,44847)
3 (5,61101)
3 (6,79130)
3 (7,27280)
4 (0,34340)
4 (1,75084)
4 (2,4267)
4 (3,56496)
4 (4,74577)
4 (5,4349)
4 (6,57611)
4 (7,82919)
5 (0,73547)
5 (1,43101)
5 (2,14380)
5 (3,73852)
5 (4,80092)
5 (5,18550)
5 (6,63550)
5 (7,92917)
6 (0,68009)
6 (1,26830)
6 (2,47910)
6 (3,92719)
6 (4,71764)
6 (5,67557)
6 (6,57425)
6 (7,39489)
7 (0,5047)
7 (1,67291)
7 (2,84183)
7 (3,10120)
7 (4,9879)
7 (5,56286)
7 (6,64898)
7 (7,94492)
8 (0,11490)
8 (1,3659)
8 (2,74765)
8 (3,21698)
8 (4,94150)
8 (5,3703)
8 (6,3799)
8 (7,62618)
9 (0,69356)
9 (1,88991)
9 (2,48831)
9 (3,51428)
9 (4,8603)
9 (5,94835)
9 (6,19098)
9 (7,80323)

---
0 (0,87583)
0 (1,1428)
0 (2,84953)
0 (3,52917)
0 (4,97601)
0 (5,8357)
0 (6,7318)
0 (7,63143)
1 (0,60220)
1 (1,95673)
1 (2,39552)
1 (3,18043)
1 (4,30803)
1 (5,51487)
1 (6,3366)
1 (7,53961)
2 (0,5298)
2 (1,70460)
2 (2,98599)
2 (3,65977)
2 (4,2712)
2 (5,86755)
2 (6,81986)
2 (7,16876)
3 (0,39586)
3 (1,6082)
3 (2,41666)
3 (3,45356)
3 (4,44847)
3 (5,61101)
3 (6,79130)
3 (7,27280)
4 (0,34340)
4 (1,75084)
4 (2,4267)
4 (3,56496)
4 (4,74577)
4 (5,4349)
4 (6,57611)
4 (7,82919)
5 (0,73547)
5 (1,43101)
5 (2,14380)
5 (3,73852)
5 (4,80092)
5 (5,18550)
5 (6,63550)
5 (7,92917)
6 (0,68009)
6 (1,26830)
6 (2,47910)
6 (3,92719)
6 (4,71764)
6 (5,67557)
6 (6,57425)
6 (7,39489)
7 (0,5047)
7 (1,67291)
7 (2,84183)
7 (3,10120)
7 (4,9879)
7 (5,56286)
7 (6,64898)
7 (7,94492)
8 (0,11490)
8 (1,3659)
8 (2,74765)
8 (3,21698)
8 (4,94150)
8 (5,3703)
8 (6,3799)
8 (7,62618)
9 (0,69356)
9 (1,88991)
9 (2,48831)
9 (3,51428)
9 (4,8603)
9 (5,94835)
9 (6,19098)
9 (7,80323)
